16
  1	  113     1     1	  113   101    33   
  2	    1     1     1	    1   101    33
  1	    1     1     1	    1   101    33
  3	   33     1     1	   33   101    33
  2	  113     1     1	  113   101    33
  3	    1     1     1	    1   101    33
  2	   17     1    33	   45   101    33
  4	   41     1     1	   69   101     1
  2	   45     1    33	  113   101    33
  5	    1     1     1	   69   101     1
  3	    1     1    33	   33   101    33
  6	    1     1     1	   33   101     1
  4	   69     1     1	   69   101    53
  5	    1     1     1	    1   101    53
  5	   69     1     1	   69   101    53
  6	    1     1     1	    1   101    53
  6	   69     1     1	   69   101    53
  7	    1     1     1	    1   101    53
  7	    1     1    53	   65   101    53
  7	    1     1     1	   65   101     1
  2	    1     1    33	   17   101    33
  4	   57     1    53	   41   101    53
  5	    1     1    53	   69   101    53
  1	  101     1    33	   33   101    33
  6	   33     1    53	   69   101    53
  6	   33     1     1	   69   101     1
  4	    1     1     1	   41   101     1
  4	    1     1    53	   41   101    53
  4	   57     1    53	   69   101    53
  1	  113     1    33	  101   101    33
  1	    1     1    33	   33   101    33
  6	   33     1    53	    1   101    53
19
  5	    1   101     1	   69   101    53	   1    # Hub
  4	    1   101     1	   69   101    53	   2    # Shroud
  6	    1   101     1	   69   101    53	   3    # Shroud
  7	    1   101     1	   65   101    53	   4    # Shroud
  4	    1     1     1	   69     1    53	   5    # Hub
  5	    1     1     1	   69     1    53	   6    # Hub
  6	    1     1     1	   69     1    53	   7    # Hub
  2	    1     1     1	  113     1    33	   8    # hub
  2	    1     1     1	  113   101     1	   9    # Blade
  1	    1     1     1	  113   101     1	  10    # Blade
  1	    1     1     1	  113     1    33	  11    # Hub
  7	    1     1     1	   65     1    53	  12    # Hub
  7	   65     1     1	   65   101    53	  13    # Outlet
  1	    1   101     1	  113   101    33	  14    # Shroud
  2	    1   101     1	  113   101    33	  15    # Shroud
  3	    1     1     1	   33     1    33	  16    # hub
  3	    1     1     1	   33   101     1	  17    # blade
  4	    1     1     1	    1   101    53	  18    # Inlet
  3	    1   101     1	   33   101    33	  19    # Shroud
